46822700
48505509
59203421
59489572
60398398
62804598
62839779
63246671
64021966
64935399
64951422
64960703
65431099
65490891
65663271
65827380
66133151
69799253
70282217
70360902
70892510
70904490
70988116
72409848
74019513
74486916
80495081
82321543
82429699
82432517
83467151
83645409
86049608
86124212
86129434
87892283
87931183
94175691
94294418
95065594
95166806
95193025
96337258
98436446
99372529
99383753
100201518
101122335
101140976
104432286
105147553
105446090
105465463
105890593
109687805
110147934
110169343
111394500
112757502
112823955
113012173
118957292
118971024
120768260
121029645
121036994
121086557
121469103
122146757
122900449
123274853
123291367
123439073
124237346
126346457
126350302
126356524
126364120
126484310
126485694
126655769
127163030
127417834
127670411
127679389
127862229
127944584
128403923
128651211
130702848
131168450
131503503
132649890
132752107
133125660
133264362
135102536
135111311
143684919
148663780
148673810
148933412
149009957
149565281
150115145
151062243
152760079
153819004
154365352
154386887
154460397
154653327
156278417
156706320
156709252
156964925
157571174
157888051
158050599
158064938
158978461
160198915
160388966
160498387
160673071
161112298
161326774
161607531
162181149
164228080
164741090
166545345
167287137
168482627
168835711
171909173
172055925
174634099
174699876
174841777
175038176
175485680
176396082
177109395
177295087
177302047
177546663
178069686
178377733
225861326
225865341
228701696
229632675
229844746
230682384
231136908
232403880
232526675
232599719
232686617
233068918
233090127
233449730
233576419
233577878
233800298
233967712
234555468
234685404
235338504
236075566
237247662
237518415
237608273
238327715
238591905
238731026
239712228
241546163
242520370
242651434
242652229
242657096
242669237
242678437
242750471
243268411
254446076
256104131
256583176
256889478
257071779
257626978
