105465463 745.599462089 -110.309929895 50.6100701047 701650418.411 1.57568098106 8.53544441912 1.70531941014 1.57568098106
118956923 668.324180331 -177.28553857 118.90446143 1545590000.0 2.02561300576 9.1137013991 1.63649002847 2.02561300576
121029645 654.411329399 142.272738187 121.812738187 492248879.036 1.80958928061 7.93191947697 3.95626947539 1.80958928061
123314680 860.150876176 215.870985463 28.5109854633 280981921.115 3.87252398968 8.31580176605 5.90532809165 3.87252398968
126484310 622.486685842 170.045379154 -118.974620846 680336978.795 2.14449267461 8.70175073971 1.48839024515 2.14449267461
127108374 801.923820726 -228.076842237 186.933157763 3425944142.42 1.62402773871 7.39526821862 0.797147526671 1.62402773871
127163030 614.32327716 -171.010099705 182.189900295 414809764.807 1.91080926545 7.51018392445 2.16841766747 1.91080926545
148673810 680.520088447 86.9865351991 -147.943464801 749927627.099 0.830291162858 6.27695919101 1.51859545165 0.830291162858
157129793 605.500111044 246.016435476 62.7164354756 1000000000.0 8.50102834555 8.72927366482 13.1323765127 8.50102834555
158062679 0 76.2348850699 -79.2751149301 232961121.682 0.622505120375 7.73861861024 30.9283279068 0.622505120375
160673071 693.165981525 -50.6527953093 18.3272046907 265730740.98 0.260734073988 7.66961951427 10.2282488961 0.260734073988
167252541 680.712409397 168.133236137 95.2132361365 1552002426.8 1.75439940537 7.96681451091 2.28195157579 1.75439940537
168608146 0 193.013053087 -124.706946913 1280555818.2 1.50930090698 7.69801944222 1.43286207209 1.50930090698
173797298 517.722806582 -59.1125289646 152.157471035 40700241.8765 0.538458196895 7.40911685549 1243.03854525 0.538458196895
181699538 789.361866814 -58.5571891618 141.292810838 939936332.058 1.75180385132 7.77689359481 2.65499828123 1.75180385132
183321178 639.45697872 -95.5018635568 -151.921863557 554731315.305 1.72062892956 6.87143477664 1.93458613659 1.72062892956
193057293 597.628128555 157.076306755 -144.473693245 396401102.006 1.98992861582 7.95579020046 2.63274315154 1.98992861582
198490827 0 85.852611373 -70.547388627 115111771.983 0.873769397537 8.28615442238 11.2965637962 0.873769397537
207028458 783.246993336 -198.437211106 13.582788894 346015958.684 1.25552759155 6.68961457579 1.99093449492 1.25552759155
207593143 788.228367923 17.5822373945 9.95223739445 390078470.267 1.00260749729 7.43337774685 3.52610472175 1.00260749729
207606132 557.969465196 -129.085084256 -15.5450842556 121566125.01 1.4300198349 5.97988688652 133.460026741 1.4300198349
211084564 821.06698199 -149.797808402 68.4021915982 260966181.502 2.06298492858 8.63103771954 3.68891969377 2.06298492858
212089170 665.204243811 205.207898011 -181.102101989 972839503.535 1.14020538719 8.11151437397 1.41104959657 1.14020538719
45616753 748.71607842 8.93259708499 179.002597085 1751710750.2 1.0323959124 10.0949862529 0.781797038404 1.0323959124
48361669 673.636747209 -143.100130763 95.2798692366 713537600.0 1.72240750004 8.58604768054 3.44897423546 1.72240750004
72094854 739.319975519 -258.832800851 35.8571991491 797770366.506 1.55041010011 8.42825036519 3.09593750189 1.55041010011
81147431 684.952915702 193.652505278 -22.8774947216 740264353.309 1.9733081348 10.868331962 2.56360174571 1.9733081348
81409140 654.206079614 115.890979745 -125.529020255 700186047.63 1.41065786858 10.1777658793 1.63063504128 1.41065786858
82321543 714.431105052 82.9417881321 76.0917881321 372948592.946 1.56867167093 8.65490217437 2.52294637619 1.56867167093
86122409 684.158609793 21.6321491958 37.7921491958 536042308.087 1.63504787159 8.39953273351 1.65565752287 1.63504787159
86129434 616.462283094 89.3955106293 -90.1344893707 426063154.07 1.65880677927 8.51188251281 1.47667249634 1.65880677927
92380604 669.640424743 197.850950309 166.520950309 2041478542.06 1.85693437316 8.89061976228 0.550642388707 1.85693437316
94175691 633.798029299 50.9890693678 -36.1009306322 286099209.666 0.166309698371 6.93194343926 4.85843282725 0.166309698371
95228015 686.362390531 23.8798215071 177.729821507 1558631470.02 0.579152247199 9.76961889003 0.820052658146 0.579152247199
