46822700  
48361669
48480819
48505509  
52168749  
56936199
59203421
59449325  
59489572  
60016870  
60398398  
60403235     
60409606  
61254596  
61280496  
62795077  
62804598  
62839779    
63050792  
63246671  
63934386  
64021966  
64780823 
64935399
64951422  
64960703  
65431099  
65466314  
65490891  
65663271
65827380  
65843351  
66011236  
66123195  
66133151  
67362765
69752374  
69799253  
70282217  
70332262  
70360902  
70892510
70904490  
70980598  
70988116  
72094854  
72409848  
73360776
73999547  
74019513  
74453454  
74486916   
80357305  
80495081
80516678  
80763503  
80973186  
81135035  
81147431  
81409140
82312457  
82321543 
82429699  
82432517  
83467151  
83475300
83645409  
83826949  
83827322  
83912934  
84343882  
84396340
84899116  
85083852  
86032447  
86049608  
86122409  
86124212
86129434  
86132542  
87181246  
87202232  
87301753  
87892283
87931183  
87966502  
88963892  
89691425  
90630801  
90878615
92380604  
93949277  
93970574  
94175691  
94294418  
94305032
95065594  
95166806  
95193025  
95217701  
95228015  
95591951
95818679  
96337258  
98436446  
98790022  
99079374  
99178348
99372529  
99383753  
99394319 
100201518 
101122335 
101140976
102912996 
104432286 
104872119 
105147553 
105245903 
105446090
105465463 
105890593 
107600131 
108269904 
109565828 
109687805
110147934 
110160982 
110169343 
110395704 
111394500 
112757502
112823955 
113012173 
113663543 
113916058 
118755370 
118875690
118956923 
118957292 
118971024 
120768260 
120807891 
121029645
121036994 
121086557 
121469103 
122146757 
122363977 
122900449
123274853 
123291367 
123314680 
123439073 
124237346 
125920861
125928679 
126296983 
126346457 
126350302 
126356524 
126364120
126484310 
126485694 
126655769 
127108374 
127116620 
127131034
127163030 
127176859 
127417834 
127670411 
127679389 
127801299
127818680 
127862229 
127944584 
128403923 
128651211 
129021285
130702848 
131043138 
131168450 
131503503 
132649890 
132729033
132752107 
133125660 
133183721 
133264362 
133682287 
133807261
134522987 
135102536 
135111311 
141173952 
143684919 
148380084
148663780 
148673810 
148933412 
148940276 
149009957 
149538803
149565281 
150115145 
150695529 
151062243 
151898182 
152517591
152760079 
152763723 
153763491 
153819004
153878589 
154029264
154054440 
154365352 
154385690 
154386887 
154388786
154460397  
154653327
156278417 
156706320
156709252 
156964925 
157129793       
157571174 
157888051 
157890023 
158050599 
158064938 
158978461
160198915 
160388966 
160498387 
160673071 
161112298 
161326774
161466556 
161607531 
161607981 
162063213 
162070576 
162142796
162181149 
162192921 
162787175 
163010666 
164228080 
164741090
165811310 
165813495 
166545345 
166570874 
167252541 
167287137
167409274 
168482627 
168608146 
168835711 
171909173 
172055925
172056545 
174634099 
174687969 
174699876 
174841777 
174895044
175038176 
175485680 
175494398 
176357766 
176396082 
177109395
177113844 
177295087 
177302047 
177546663 
178027768 
178069686
178377733 
178564029
178647356 
180247116 
180418078 
181115064 
181512972 
181699538 
181699926 
181702003 
181793052 
181863477
183321178 
183392473 
183844980 
183980193 
183983113 
183985109
184128420 
185810673 
186342599 
186365825 
186394895 
186498981
187744257 
188181226 
188183926 
188216458 
188320127 
188548694
188735056 
188894224 
190669040 
190918126 
190923613 
191011587
191230895 
191325543 
191524276 
191534566 
191558895 
191660905
191905727 
192006137 
192008599 
192409194 
192665522 
192827003
193048927 
193057293 
193214722 
193286518 
195878457 
196164498
196178017 
196325549 
196746496 
196782042 
196790866 
196796518
196809685 
197098745 
197420330 
197585707 
198421440 
198445118
198490827 
198564642 
198575473 
198651253 
199053317 
199117487
199386296 
200724160 
201072907 
201138282 
201143394 
202265278
202366728 
203043496 
203459514 
205524029 
205634899 
205642073
206056572 
206081562 
206408479 
206932524 
207028458 
207593143
207606132 
207695906 
208323402 
211047255 
211084564 
211274458
212398914 
212522097 
212611588 
212636270 
213833869 
213838194
214104744 
214233037 
214611312 
215998638 
216660305 
216741224
216812747 
217006485 
217887905 
217907393 
218448750 
218762086
218778150 
219052349 
219059230 
219288990 
219294520 
219708551
219724784 
219730712 
220980168 
221235751 
221627323 
221689583
221692131 
221808831 
221896360 
221983586 
222032252 
222325237
222336651 
222684112 
222731413 
222765234 
222848068 
223065502
223126091 
223186031 
223383444 
223790669 
224044724 
225079654
225202085 
225213226 
225349459 
225568127 
225720053 
225861326
225865341
226918237 
228639986 
228701696 
228919548 
229395837
229632675 
229844746 
230479372 
230682384 
231136908 
232089446
232324249 
232403880 
232526675 
232571522 
232599719 
232686617
233068918 
233073781 
233090127 
233376257 
233449730 
233456830 
233544348 
233576419 
233577878 
233800298 
233967712 
234555468
234685404 
235290201 
235338504 
236075566 
236442324 
236443536
237247662 
237292604 
237518415 
237608273 
237723827 
237926612
237934158 
237959892 
238327715 
238423476 
238591905 
238731026
239076863 
239391185 
239422961 
239712228 
241164388 
241546163
242151059 
242417741 
242520370 
242651434 
242652229 
242657096
242669237 
242678437 
242750471
242764060
242773882
243268411
254446076 
255139850 
256104131
256583176 
256889478 
257071779
257284550 
257583069 
257626978 
258517814 
259787063 
259807524   
261773480 
263283873 
263393531 
264443854 
265634403 
267450105
268002216 
268973880 
269255362
269276455